! 1=O2, 2=H2O, 3=N2

R=8.314
T=353
m1=32e-3
m2=18e-3
m3=28e-3

kappa=1e-13
eta=2.1e-5
Pref=1.013e5
epsilon=0.4

D12tilde=0.0000087
D13tilde=0.0000074
D23tilde=0.0000080

x1c=0.1348486
x2c=0.2853939
x3c=0.5797574

pc=111430

m13=m1-m3
m23=m2-m3
RT=R*T

D21tilde=D12tilde
D31tilde=D13tilde
D32tilde=D23tilde
